1 1 127 3
2 1 127 3
3 1 127 3
4 1 127 3
5 1 127 3
6 1 127 3
7 1 127 3
8 1 127 3
9 1 127 3
10 1 127 3
11 1 127 3
12 1 127 3
13 1 127 3
14 1 127 3
15 1 127 3
16 1 127 3
17 1 127 3
18 1 127 3
19 1 127 3
20 1 127 3
21 1 127 3
22 1 127 3
23 1 127 3
24 1 127 3
25 1 127 3
26 1 127 3
27 1 127 3
28 1 127 3
29 1 127 3
30 1 127 3
31 1 127 4
32 1 127 4
33 1 127 4
34 1 127 4
35 1 127 4
36 1 127 4
37 1 127 4
38 1 127 4
39 1 127 4
40 1 127 4
41 1 127 4
42 1 127 4
43 1 127 4
44 1 127 4
45 1 127 4
46 1 127 4
47 1 127 4
48 1 127 4
49 1 127 4
50 1 127 4
51 1 127 4
52 1 127 4
53 1 127 4
54 1 127 4
55 1 127 4
56 1 127 4
57 1 127 4
58 1 127 4
59 1 127 4
60 1 127 4
1 2 127 3
2 2 127 3
3 2 127 3
4 2 127 3
5 2 127 3
6 2 127 3
7 2 127 3
8 2 127 3
9 2 127 3
10 2 127 3
11 2 127 3
12 2 127 3
13 2 127 3
14 2 127 3
15 2 127 3
16 2 127 3
17 2 127 3
18 2 127 3
19 2 127 3
20 2 127 3
21 2 127 3
22 2 127 3
23 2 126 3
24 2 125 3
25 2 124 3
26 2 123 3
27 2 123 3
28 2 122 3
29 2 122 3
30 2 122 3
31 2 122 4
32 2 122 4
33 2 122 4
34 2 123 4
35 2 123 4
36 2 124 4
37 2 125 4
38 2 126 4
39 2 127 4
40 2 127 4
41 2 127 4
42 2 127 4
43 2 127 4
44 2 127 4
45 2 127 4
46 2 127 4
47 2 127 4
48 2 127 4
49 2 127 4
50 2 127 4
51 2 127 4
52 2 127 4
53 2 127 4
54 2 127 4
55 2 127 4
56 2 127 4
57 2 127 4
58 2 127 4
59 2 127 4
60 2 127 4
1 3 127 3
2 3 127 3
3 3 127 3
4 3 127 3
5 3 127 3
6 3 127 3
7 3 127 3
8 3 127 3
9 3 127 3
10 3 127 3
11 3 127 3
12 3 127 3
13 3 127 3
14 3 127 3
15 3 127 3
16 3 127 3
17 3 127 3
18 3 127 3
19 3 127 3
20 3 126 3
21 3 124 3
22 3 123 3
23 3 122 3
24 3 121 3
25 3 120 3
26 3 119 3
27 3 118 3
28 3 118 3
29 3 118 3
30 3 118 3
31 3 118 4
32 3 118 4
33 3 118 4
34 3 118 4
35 3 119 4
36 3 120 4
37 3 121 4
38 3 122 4
39 3 123 4
40 3 124 4
41 3 126 4
42 3 127 4
43 3 127 4
44 3 127 4
45 3 127 4
46 3 127 4
47 3 127 4
48 3 127 4
49 3 127 4
50 3 127 4
51 3 127 4
52 3 127 4
53 3 127 4
54 3 127 4
55 3 127 4
56 3 127 4
57 3 127 4
58 3 127 4
59 3 127 4
60 3 127 4
1 4 127 3
2 4 127 3
3 4 127 3
4 4 127 3
5 4 127 3
6 4 127 3
7 4 127 3
8 4 127 3
9 4 127 3
10 4 127 3
11 4 127 3
12 4 127 3
13 4 127 3
14 4 127 3
15 4 127 3
16 4 127 3
17 4 127 3
18 4 125 3
19 4 123 3
20 4 121 3
21 4 120 3
22 4 119 3
23 4 117 3
24 4 116 3
25 4 115 3
26 4 115 3
27 4 114 3
28 4 114 3
29 4 113 3
30 4 113 3
31 4 113 4
32 4 113 4
33 4 114 4
34 4 114 4
35 4 115 4
36 4 115 4
37 4 116 4
38 4 117 4
39 4 119 4
40 4 120 4
41 4 121 4
42 4 123 4
43 4 125 4
44 4 127 4
45 4 127 4
46 4 127 4
47 4 127 4
48 4 127 4
49 4 127 4
50 4 127 4
51 4 127 4
52 4 127 4
53 4 127 4
54 4 127 4
55 4 127 4
56 4 127 4
57 4 127 4
58 4 127 4
59 4 127 4
60 4 127 4
1 5 127 3
2 5 127 3
3 5 127 3
4 5 127 3
5 5 127 3
6 5 127 3
7 5 127 3
8 5 127 3
9 5 127 3
10 5 127 3
11 5 127 3
12 5 127 3
13 5 127 3
14 5 127 3
15 5 127 3
16 5 125 3
17 5 123 3
18 5 121 3
19 5 119 3
20 5 117 3
21 5 116 3
22 5 114 3
23 5 113 3
24 5 112 3
25 5 111 3
26 5 110 3
27 5 110 3
28 5 109 3
29 5 109 3
30 5 109 3
31 5 109 4
32 5 109 4
33 5 109 4
34 5 110 4
35 5 110 4
36 5 111 4
37 5 112 4
38 5 113 4
39 5 114 4
40 5 116 4
41 5 117 4
42 5 119 4
43 5 121 4
44 5 123 4
45 5 125 4
46 5 127 4
47 5 127 4
48 5 127 4
49 5 127 4
50 5 127 4
51 5 127 4
52 5 127 4
53 5 127 4
54 5 127 4
55 5 127 4
56 5 127 4
57 5 127 4
58 5 127 4
59 5 127 4
60 5 127 4
1 6 127 3
2 6 127 3
3 6 127 3
4 6 127 3
5 6 127 3
6 6 127 3
7 6 127 3
8 6 127 3
9 6 127 3
10 6 127 3
11 6 127 3
12 6 127 3
13 6 127 3
14 6 126 3
15 6 123 3
16 6 121 3
17 6 119 3
18 6 117 3
19 6 115 3
20 6 113 3
21 6 112 3
22 6 110 3
23 6 109 3
24 6 108 3
25 6 107 3
26 6 106 3
27 6 105 3
28 6 105 3
29 6 105 3
30 6 105 3
31 6 105 4
32 6 105 4
33 6 105 4
34 6 105 4
35 6 106 4
36 6 107 4
37 6 108 4
38 6 109 4
39 6 110 4
40 6 112 4
41 6 113 4
42 6 115 4
43 6 117 4
44 6 119 4
45 6 121 4
46 6 123 4
47 6 126 4
48 6 127 4
49 6 127 4
50 6 127 4
51 6 127 4
52 6 127 4
53 6 127 4
54 6 127 4
55 6 127 4
56 6 127 4
57 6 127 4
58 6 127 4
59 6 127 4
60 6 127 4
1 7 127 3
2 7 127 3
3 7 127 3
4 7 127 3
5 7 127 3
6 7 127 3
7 7 127 3
8 7 127 3
9 7 127 3
10 7 127 3
11 7 127 3
12 7 127 3
13 7 125 3
14 7 122 3
15 7 120 3
16 7 117 3
17 7 115 3
18 7 113 3
19 7 111 3
20 7 109 3
21 7 108 3
22 7 106 3
23 7 105 3
24 7 104 3
25 7 103 3
26 7 102 3
27 7 101 3
28 7 101 3
29 7 100 3
30 7 100 3
31 7 100 4
32 7 100 4
33 7 101 4
34 7 101 4
35 7 102 4
36 7 103 4
37 7 104 4
38 7 105 4
39 7 106 4
40 7 108 4
41 7 109 4
42 7 111 4
43 7 113 4
44 7 115 4
45 7 117 4
46 7 120 4
47 7 122 4
48 7 125 4
49 7 127 4
50 7 127 4
51 7 127 4
52 7 127 4
53 7 127 4
54 7 127 4
55 7 127 4
56 7 127 4
57 7 127 4
58 7 127 4
59 7 127 4
60 7 127 4
1 8 127 3
2 8 127 3
3 8 127 3
4 8 127 3
5 8 127 3
6 8 127 3
7 8 127 3
8 8 127 3
9 8 127 3
10 8 127 3
11 8 127 3
12 8 124 3
13 8 121 3
14 8 119 3
15 8 116 3
16 8 114 3
17 8 111 3
18 8 109 3
19 8 107 3
20 8 105 3
21 8 104 3
22 8 102 3
23 8 101 3
24 8 99 3
25 8 98 3
26 8 97 3
27 8 97 3
28 8 96 3
29 8 96 3
30 8 96 3
31 8 96 4
32 8 96 4
33 8 96 4
34 8 97 4
35 8 97 4
36 8 98 4
37 8 99 4
38 8 101 4
39 8 102 4
40 8 104 4
41 8 105 4
42 8 107 4
43 8 109 4
44 8 111 4
45 8 114 4
46 8 116 4
47 8 119 4
48 8 121 4
49 8 124 4
50 8 127 4
51 8 127 4
52 8 127 4
53 8 127 4
54 8 127 4
55 8 127 4
56 8 127 4
57 8 127 4
58 8 127 4
59 8 127 4
60 8 127 4
1 9 127 3
2 9 127 3
3 9 127 3
4 9 127 3
5 9 127 3
6 9 127 3
7 9 127 3
8 9 127 3
9 9 127 3
10 9 127 3
11 9 124 3
12 9 121 3
13 9 118 3
14 9 115 3
15 9 113 3
16 9 110 3
17 9 108 3
18 9 105 3
19 9 103 3
20 9 101 3
21 9 100 3
22 9 98 3
23 9 96 3
24 9 95 3
25 9 94 3
26 9 93 3
27 9 92 3
28 9 92 3
29 9 92 3
30 9 91 3
31 9 91 4
32 9 92 4
33 9 92 4
34 9 92 4
35 9 93 4
36 9 94 4
37 9 95 4
38 9 96 4
39 9 98 4
40 9 100 4
41 9 101 4
42 9 103 4
43 9 105 4
44 9 108 4
45 9 110 4
46 9 113 4
47 9 115 4
48 9 118 4
49 9 121 4
50 9 124 4
51 9 127 4
52 9 127 4
53 9 127 4
54 9 127 4
55 9 127 4
56 9 127 4
57 9 127 4
58 9 127 4
59 9 127 4
60 9 127 4
1 10 127 3
2 10 127 3
3 10 127 3
4 10 127 3
5 10 127 3
6 10 127 3
7 10 127 3
8 10 127 3
9 10 127 3
10 10 123 3
11 10 120 3
12 10 117 3
13 10 114 3
14 10 112 3
15 10 109 3
16 10 106 3
17 10 104 3
18 10 102 3
19 10 99 3
20 10 97 3
21 10 96 3
22 10 94 3
23 10 92 3
24 10 91 3
25 10 90 3
26 10 89 3
27 10 88 3
28 10 88 3
29 10 87 3
30 10 87 3
31 10 87 4
32 10 87 4
33 10 88 4
34 10 88 4
35 10 89 4
36 10 90 4
37 10 91 4
38 10 92 4
39 10 94 4
40 10 96 4
41 10 97 4
42 10 99 4
43 10 102 4
44 10 104 4
45 10 106 4
46 10 109 4
47 10 112 4
48 10 114 4
49 10 117 4
50 10 120 4
51 10 123 4
52 10 127 4
53 10 127 4
54 10 127 4
55 10 127 4
56 10 127 4
57 10 127 4
58 10 127 4
59 10 127 4
60 10 127 4
1 11 127 3
2 11 127 3
3 11 127 3
4 11 127 3
5 11 127 3
6 11 127 3
7 11 127 3
8 11 127 3
9 11 124 3
10 11 120 3
11 11 117 3
12 11 114 3
13 11 111 3
14 11 108 3
15 11 106 3
16 11 103 3
17 11 100 3
18 11 98 3
19 11 96 3
20 11 94 3
21 11 92 3
22 11 90 3
23 11 88 3
24 11 87 3
25 11 86 3
26 11 85 3
27 11 84 3
28 11 83 3
29 11 83 3
30 11 83 3
31 11 83 4
32 11 83 4
33 11 83 4
34 11 84 4
35 11 85 4
36 11 86 4
37 11 87 4
38 11 88 4
39 11 90 4
40 11 92 4
41 11 94 4
42 11 96 4
43 11 98 4
44 11 100 4
45 11 103 4
46 11 106 4
47 11 108 4
48 11 111 4
49 11 114 4
50 11 117 4
51 11 120 4
52 11 124 4
53 11 127 4
54 11 127 4
55 11 127 4
56 11 127 4
57 11 127 4
58 11 127 4
59 11 127 4
60 11 127 4
1 12 127 3
2 12 127 3
3 12 127 3
4 12 127 3
5 12 127 3
6 12 127 3
7 12 127 3
8 12 124 3
9 12 121 3
10 12 117 3
11 12 114 3
12 12 111 3
13 12 108 3
14 12 105 3
15 12 102 3
16 12 99 3
17 12 97 3
18 12 94 3
19 12 92 3
20 12 90 3
21 12 88 3
22 12 86 3
23 12 84 3
24 12 83 3
25 12 81 3
26 12 80 3
27 12 79 3
28 12 79 3
29 12 78 3
30 12 78 3
31 12 78 4
32 12 78 4
33 12 79 4
34 12 79 4
35 12 80 4
36 12 81 4
37 12 83 4
38 12 84 4
39 12 86 4
40 12 88 4
41 12 90 4
42 12 92 4
43 12 94 4
44 12 97 4
45 12 99 4
46 12 102 4
47 12 105 4
48 12 108 4
49 12 111 4
50 12 114 4
51 12 117 4
52 12 121 4
53 12 124 4
54 12 127 4
55 12 127 4
56 12 127 4
57 12 127 4
58 12 127 4
59 12 127 4
60 12 127 4
1 13 127 3
2 13 127 3
3 13 127 3
4 13 127 3
5 13 127 3
6 13 127 3
7 13 125 3
8 13 121 3
9 13 118 3
10 13 114 3
11 13 111 3
12 13 108 3
13 13 105 3
14 13 102 3
15 13 99 3
16 13 96 3
17 13 93 3
18 13 91 3
19 13 88 3
20 13 86 3
21 13 84 3
22 13 82 3
23 13 80 3
24 13 78 3
25 13 77 3
26 13 76 3
27 13 75 3
28 13 74 3
29 13 74 3
30 13 74 3
31 13 74 4
32 13 74 4
33 13 74 4
34 13 75 4
35 13 76 4
36 13 77 4
37 13 78 4
38 13 80 4
39 13 82 4
40 13 84 4
41 13 86 4
42 13 88 4
43 13 91 4
44 13 93 4
45 13 96 4
46 13 99 4
47 13 102 4
48 13 105 4
49 13 108 4
50 13 111 4
51 13 114 4
52 13 118 4
53 13 121 4
54 13 125 4
55 13 127 4
56 13 127 4
57 13 127 4
58 13 127 4
59 13 127 4
60 13 127 4
1 14 127 3
2 14 127 3
3 14 127 3
4 14 127 3
5 14 127 3
6 14 126 3
7 14 122 3
8 14 119 3
9 14 115 3
10 14 112 3
11 14 108 3
12 14 105 3
13 14 102 3
14 14 99 3
15 14 96 3
16 14 93 3
17 14 90 3
18 14 87 3
19 14 85 3
20 14 82 3
21 14 80 3
22 14 78 3
23 14 76 3
24 14 74 3
25 14 73 3
26 14 72 3
27 14 71 3
28 14 70 3
29 14 70 3
30 14 70 3
31 14 70 4
32 14 70 4
33 14 70 4
34 14 71 4
35 14 72 4
36 14 73 4
37 14 74 4
38 14 76 4
39 14 78 4
40 14 80 4
41 14 82 4
42 14 85 4
43 14 87 4
44 14 90 4
45 14 93 4
46 14 96 4
47 14 99 4
48 14 102 4
49 14 105 4
50 14 108 4
51 14 112 4
52 14 115 4
53 14 119 4
54 14 122 4
55 14 126 4
56 14 127 4
57 14 127 4
58 14 127 4
59 14 127 4
60 14 127 4
1 15 127 3
2 15 127 3
3 15 127 3
4 15 127 3
5 15 127 3
6 15 123 3
7 15 120 3
8 15 116 3
9 15 113 3
10 15 109 3
11 15 106 3
12 15 102 3
13 15 99 3
14 15 96 3
15 15 92 3
16 15 89 3
17 15 86 3
18 15 84 3
19 15 81 3
20 15 78 3
21 15 76 3
22 15 74 3
23 15 72 3
24 15 70 3
25 15 69 3
26 15 67 3
27 15 66 3
28 15 66 3
29 15 65 3
30 15 65 3
31 15 65 4
32 15 65 4
33 15 66 4
34 15 66 4
35 15 67 4
36 15 69 4
37 15 70 4
38 15 72 4
39 15 74 4
40 15 76 4
41 15 78 4
42 15 81 4
43 15 84 4
44 15 86 4
45 15 89 4
46 15 92 4
47 15 96 4
48 15 99 4
49 15 102 4
50 15 106 4
51 15 109 4
52 15 113 4
53 15 116 4
54 15 120 4
55 15 123 4
56 15 127 4
57 15 127 4
58 15 127 4
59 15 127 4
60 15 127 4
1 16 127 3
2 16 127 3
3 16 127 3
4 16 127 3
5 16 125 3
6 16 121 3
7 16 117 3
8 16 114 3
9 16 110 3
10 16 106 3
11 16 103 3
12 16 99 3
13 16 96 3
14 16 93 3
15 16 89 3
16 16 86 3
17 16 83 3
18 16 80 3
19 16 77 3
20 16 75 3
21 16 72 3
22 16 70 3
23 16 68 3
24 16 66 3
25 16 65 3
26 16 63 3
27 16 62 3
28 16 61 3
29 16 61 3
30 16 61 3
31 16 61 4
32 16 61 4
33 16 61 4
34 16 62 4
35 16 63 4
36 16 65 4
37 16 66 4
38 16 68 4
39 16 70 4
40 16 72 4
41 16 75 4
42 16 77 4
43 16 80 4
44 16 83 4
45 16 86 4
46 16 89 4
47 16 93 4
48 16 96 4
49 16 99 4
50 16 103 4
51 16 106 4
52 16 110 4
53 16 114 4
54 16 117 4
55 16 121 4
56 16 125 4
57 16 127 4
58 16 127 4
59 16 127 4
60 16 127 4
1 17 127 3
2 17 127 3
3 17 127 3
4 17 127 3
5 17 123 3
6 17 119 3
7 17 115 3
8 17 111 3
9 17 108 3
10 17 104 3
11 17 100 3
12 17 97 3
13 17 93 3
14 17 90 3
15 17 86 3
16 17 83 3
17 17 80 3
18 17 77 3
19 17 74 3
20 17 71 3
21 17 69 3
22 17 66 3
23 17 64 3
24 17 62 3
25 17 60 3
26 17 59 3
27 17 58 3
28 17 57 3
29 17 57 3
30 17 56 3
31 17 56 4
32 17 57 4
33 17 57 4
34 17 58 4
35 17 59 4
36 17 60 4
37 17 62 4
38 17 64 4
39 17 66 4
40 17 69 4
41 17 71 4
42 17 74 4
43 17 77 4
44 17 80 4
45 17 83 4
46 17 86 4
47 17 90 4
48 17 93 4
49 17 97 4
50 17 100 4
51 17 104 4
52 17 108 4
53 17 111 4
54 17 115 4
55 17 119 4
56 17 123 4
57 17 127 4
58 17 127 4
59 17 127 4
60 17 127 4
1 18 127 3
2 18 127 3
3 18 127 3
4 18 125 3
5 18 121 3
6 18 117 3
7 18 113 3
8 18 109 3
9 18 105 3
10 18 102 3
11 18 98 3
12 18 94 3
13 18 91 3
14 18 87 3
15 18 84 3
16 18 80 3
17 18 77 3
18 18 74 3
19 18 71 3
20 18 68 3
21 18 65 3
22 18 63 3
23 18 60 3
24 18 58 3
25 18 56 3
26 18 55 3
27 18 54 3
28 18 53 3
29 18 52 3
30 18 52 3
31 18 52 4
32 18 52 4
33 18 53 4
34 18 54 4
35 18 55 4
36 18 56 4
37 18 58 4
38 18 60 4
39 18 63 4
40 18 65 4
41 18 68 4
42 18 71 4
43 18 74 4
44 18 77 4
45 18 80 4
46 18 84 4
47 18 87 4
48 18 91 4
49 18 94 4
50 18 98 4
51 18 102 4
52 18 105 4
53 18 109 4
54 18 113 4
55 18 117 4
56 18 121 4
57 18 125 4
58 18 127 4
59 18 127 4
60 18 127 4
1 19 127 3
2 19 127 3
3 19 127 3
4 19 123 3
5 19 119 3
6 19 115 3
7 19 111 3
8 19 107 3
9 19 103 3
10 19 99 3
11 19 96 3
12 19 92 3
13 19 88 3
14 19 85 3
15 19 81 3
16 19 77 3
17 19 74 3
18 19 71 3
19 19 68 3
20 19 65 3
21 19 62 3
22 19 59 3
23 19 57 3
24 19 54 3
25 19 52 3
26 19 51 3
27 19 49 3
28 19 48 3
29 19 48 3
30 19 48 3
31 19 48 4
32 19 48 4
33 19 48 4
34 19 49 4
35 19 51 4
36 19 52 4
37 19 54 4
38 19 57 4
39 19 59 4
40 19 62 4
41 19 65 4
42 19 68 4
43 19 71 4
44 19 74 4
45 19 77 4
46 19 81 4
47 19 85 4
48 19 88 4
49 19 92 4
50 19 96 4
51 19 99 4
52 19 103 4
53 19 107 4
54 19 111 4
55 19 115 4
56 19 119 4
57 19 123 4
58 19 127 4
59 19 127 4
60 19 127 4
1 20 127 3
2 20 127 3
3 20 126 3
4 20 121 3
5 20 117 3
6 20 113 3
7 20 109 3
8 20 105 3
9 20 101 3
10 20 97 3
11 20 94 3
12 20 90 3
13 20 86 3
14 20 82 3
15 20 78 3
16 20 75 3
17 20 71 3
18 20 68 3
19 20 65 3
20 20 61 3
21 20 58 3
22 20 56 3
23 20 53 3
24 20 51 3
25 20 48 3
26 20 47 3
27 20 45 3
28 20 44 3
29 20 44 3
30 20 43 3
31 20 43 4
32 20 44 4
33 20 44 4
34 20 45 4
35 20 47 4
36 20 48 4
37 20 51 4
38 20 53 4
39 20 56 4
40 20 58 4
41 20 61 4
42 20 65 4
43 20 68 4
44 20 71 4
45 20 75 4
46 20 78 4
47 20 82 4
48 20 86 4
49 20 90 4
50 20 94 4
51 20 97 4
52 20 101 4
53 20 105 4
54 20 109 4
55 20 113 4
56 20 117 4
57 20 121 4
58 20 126 4
59 20 127 4
60 20 127 4
1 21 127 3
2 21 127 3
3 21 124 3
4 21 120 3
5 21 116 3
6 21 112 3
7 21 108 3
8 21 104 3
9 21 100 3
10 21 96 3
11 21 92 3
12 21 88 3
13 21 84 3
14 21 80 3
15 21 76 3
16 21 72 3
17 21 69 3
18 21 65 3
19 21 62 3
20 21 58 3
21 21 55 3
22 21 52 3
23 21 49 3
24 21 47 3
25 21 45 3
26 21 43 3
27 21 41 3
28 21 40 3
29 21 39 3
30 21 39 3
31 21 39 4
32 21 39 4
33 21 40 4
34 21 41 4
35 21 43 4
36 21 45 4
37 21 47 4
38 21 49 4
39 21 52 4
40 21 55 4
41 21 58 4
42 21 62 4
43 21 65 4
44 21 69 4
45 21 72 4
46 21 76 4
47 21 80 4
48 21 84 4
49 21 88 4
50 21 92 4
51 21 96 4
52 21 100 4
53 21 104 4
54 21 108 4
55 21 112 4
56 21 116 4
57 21 120 4
58 21 124 4
59 21 127 4
60 21 127 4
1 22 127 3
2 22 127 3
3 22 123 3
4 22 119 3
5 22 114 3
6 22 110 3
7 22 106 3
8 22 102 3
9 22 98 3
10 22 94 3
11 22 90 3
12 22 86 3
13 22 82 3
14 22 78 3
15 22 74 3
16 22 70 3
17 22 66 3
18 22 63 3
19 22 59 3
20 22 56 3
21 22 52 3
22 22 49 3
23 22 46 3
24 22 43 3
25 22 41 3
26 22 39 3
27 22 37 3
28 22 36 3
29 22 35 3
30 22 35 3
31 22 35 4
32 22 35 4
33 22 36 4
34 22 37 4
35 22 39 4
36 22 41 4
37 22 43 4
38 22 46 4
39 22 49 4
40 22 52 4
41 22 56 4
42 22 59 4
43 22 63 4
44 22 66 4
45 22 70 4
46 22 74 4
47 22 78 4
48 22 82 4
49 22 86 4
50 22 90 4
51 22 94 4
52 22 98 4
53 22 102 4
54 22 106 4
55 22 110 4
56 22 114 4
57 22 119 4
58 22 123 4
59 22 127 4
60 22 127 4
1 23 127 3
2 23 126 3
3 23 122 3
4 23 117 3
5 23 113 3
6 23 109 3
7 23 105 3
8 23 101 3
9 23 96 3
10 23 92 3
11 23 88 3
12 23 84 3
13 23 80 3
14 23 76 3
15 23 72 3
16 23 68 3
17 23 64 3
18 23 60 3
19 23 57 3
20 23 53 3
21 23 49 3
22 23 46 3
23 23 43 3
24 23 40 3
25 23 37 3
26 23 35 3
27 23 33 3
28 23 31 3
29 23 30 3
30 23 30 3
31 23 30 4
32 23 30 4
33 23 31 4
34 23 33 4
35 23 35 4
36 23 37 4
37 23 40 4
38 23 43 4
39 23 46 4
40 23 49 4
41 23 53 4
42 23 57 4
43 23 60 4
44 23 64 4
45 23 68 4
46 23 72 4
47 23 76 4
48 23 80 4
49 23 84 4
50 23 88 4
51 23 92 4
52 23 96 4
53 23 101 4
54 23 105 4
55 23 109 4
56 23 113 4
57 23 117 4
58 23 122 4
59 23 126 4
60 23 127 4
1 24 127 3
2 24 125 3
3 24 121 3
4 24 116 3
5 24 112 3
6 24 108 3
7 24 104 3
8 24 99 3
9 24 95 3
10 24 91 3
11 24 87 3
12 24 83 3
13 24 78 3
14 24 74 3
15 24 70 3
16 24 66 3
17 24 62 3
18 24 58 3
19 24 54 3
20 24 51 3
21 24 47 3
22 24 43 3
23 24 40 3
24 24 37 3
25 24 34 3
26 24 31 3
27 24 29 3
28 24 27 3
29 24 26 3
30 24 26 3
31 24 26 4
32 24 26 4
33 24 27 4
34 24 29 4
35 24 31 4
36 24 34 4
37 24 37 4
38 24 40 4
39 24 43 4
40 24 47 4
41 24 51 4
42 24 54 4
43 24 58 4
44 24 62 4
45 24 66 4
46 24 70 4
47 24 74 4
48 24 78 4
49 24 83 4
50 24 87 4
51 24 91 4
52 24 95 4
53 24 99 4
54 24 104 4
55 24 108 4
56 24 112 4
57 24 116 4
58 24 121 4
59 24 125 4
60 24 127 4
1 25 127 3
2 25 124 3
3 25 120 3
4 25 115 3
5 25 111 3
6 25 107 3
7 25 103 3
8 25 98 3
9 25 94 3
10 25 90 3
11 25 86 3
12 25 81 3
13 25 77 3
14 25 73 3
15 25 69 3
16 25 65 3
17 25 60 3
18 25 56 3
19 25 52 3
20 25 48 3
21 25 45 3
22 25 41 3
23 25 37 3
24 25 34 3
25 25 30 3
26 25 28 3
27 25 25 3
28 25 23 3
29 25 22 3
30 25 21 3
31 25 21 4
32 25 22 4
33 25 23 4
34 25 25 4
35 25 28 4
36 25 30 4
37 25 34 4
38 25 37 4
39 25 41 4
40 25 45 4
41 25 48 4
42 25 52 4
43 25 56 4
44 25 60 4
45 25 65 4
46 25 69 4
47 25 73 4
48 25 77 4
49 25 81 4
50 25 86 4
51 25 90 4
52 25 94 4
53 25 98 4
54 25 103 4
55 25 107 4
56 25 111 4
57 25 115 4
58 25 120 4
59 25 124 4
60 25 127 4
1 26 127 3
2 26 123 3
3 26 119 3
4 26 115 3
5 26 110 3
6 26 106 3
7 26 102 3
8 26 97 3
9 26 93 3
10 26 89 3
11 26 85 3
12 26 80 3
13 26 76 3
14 26 72 3
15 26 67 3
16 26 63 3
17 26 59 3
18 26 55 3
19 26 51 3
20 26 47 3
21 26 43 3
22 26 39 3
23 26 35 3
24 26 31 3
25 26 28 3
26 26 24 3
27 26 21 3
28 26 19 3
29 26 18 3
30 26 17 3
31 26 17 4
32 26 18 4
33 26 19 4
34 26 21 4
35 26 24 4
36 26 28 4
37 26 31 4
38 26 35 4
39 26 39 4
40 26 43 4
41 26 47 4
42 26 51 4
43 26 55 4
44 26 59 4
45 26 63 4
46 26 67 4
47 26 72 4
48 26 76 4
49 26 80 4
50 26 85 4
51 26 89 4
52 26 93 4
53 26 97 4
54 26 102 4
55 26 106 4
56 26 110 4
57 26 115 4
58 26 119 4
59 26 123 4
60 26 127 4
1 27 127 3
2 27 123 3
3 27 118 3
4 27 114 3
5 27 110 3
6 27 105 3
7 27 101 3
8 27 97 3
9 27 92 3
10 27 88 3
11 27 84 3
12 27 79 3
13 27 75 3
14 27 71 3
15 27 66 3
16 27 62 3
17 27 58 3
18 27 54 3
19 27 49 3
20 27 45 3
21 27 41 3
22 27 37 3
23 27 33 3
24 27 29 3
25 27 25 3
26 27 21 3
27 27 18 3
28 27 15 3
29 27 13 3
30 27 13 3
31 27 13 4
32 27 13 4
33 27 15 4
34 27 18 4
35 27 21 4
36 27 25 4
37 27 29 4
38 27 33 4
39 27 37 4
40 27 41 4
41 27 45 4
42 27 49 4
43 27 54 4
44 27 58 4
45 27 62 4
46 27 66 4
47 27 71 4
48 27 75 4
49 27 79 4
50 27 84 4
51 27 88 4
52 27 92 4
53 27 97 4
54 27 101 4
55 27 105 4
56 27 110 4
57 27 114 4
58 27 118 4
59 27 123 4
60 27 127 4
1 28 127 3
2 28 122 3
3 28 118 3
4 28 114 3
5 28 109 3
6 28 105 3
7 28 101 3
8 28 96 3
9 28 92 3
10 28 88 3
11 28 83 3
12 28 79 3
13 28 74 3
14 28 70 3
15 28 66 3
16 28 61 3
17 28 57 3
18 28 53 3
19 28 48 3
20 28 44 3
21 28 40 3
22 28 36 3
23 28 31 3
24 28 27 3
25 28 23 3
26 28 19 3
27 28 15 3
28 28 12 3
29 28 9 3
30 28 8 3
31 28 8 4
32 28 9 4
33 28 12 4
34 28 15 4
35 28 19 4
36 28 23 4
37 28 27 4
38 28 31 4
39 28 36 4
40 28 40 4
41 28 44 4
42 28 48 4
43 28 53 4
44 28 57 4
45 28 61 4
46 28 66 4
47 28 70 4
48 28 74 4
49 28 79 4
50 28 83 4
51 28 88 4
52 28 92 4
53 28 96 4
54 28 101 4
55 28 105 4
56 28 109 4
57 28 114 4
58 28 118 4
59 28 122 4
60 28 127 4
1 29 127 3
2 29 122 3
3 29 118 3
4 29 113 3
5 29 109 3
6 29 105 3
7 29 100 3
8 29 96 3
9 29 92 3
10 29 87 3
11 29 83 3
12 29 78 3
13 29 74 3
14 29 70 3
15 29 65 3
16 29 61 3
17 29 57 3
18 29 52 3
19 29 48 3
20 29 44 3
21 29 39 3
22 29 35 3
23 29 30 3
24 29 26 3
25 29 22 3
26 29 18 3
27 29 13 3
28 29 9 3
29 29 6 3
30 29 4 3
31 29 4 4
32 29 6 4
33 29 9 4
34 29 13 4
35 29 18 4
36 29 22 4
37 29 26 4
38 29 30 4
39 29 35 4
40 29 39 4
41 29 44 4
42 29 48 4
43 29 52 4
44 29 57 4
45 29 61 4
46 29 65 4
47 29 70 4
48 29 74 4
49 29 78 4
50 29 83 4
51 29 87 4
52 29 92 4
53 29 96 4
54 29 100 4
55 29 105 4
56 29 109 4
57 29 113 4
58 29 118 4
59 29 122 4
60 29 127 4
1 30 127 3
2 30 122 3
3 30 118 3
4 30 113 3
5 30 109 3
6 30 105 3
7 30 100 3
8 30 96 3
9 30 91 3
10 30 87 3
11 30 83 3
12 30 78 3
13 30 74 3
14 30 70 3
15 30 65 3
16 30 61 3
17 30 56 3
18 30 52 3
19 30 48 3
20 30 43 3
21 30 39 3
22 30 35 3
23 30 30 3
24 30 26 3
25 30 21 3
26 30 17 3
27 30 13 3
28 30 8 3
29 30 4 3
30 30 0 3
31 30 0 4
32 30 4 4
33 30 8 4
34 30 13 4
35 30 17 4
36 30 21 4
37 30 26 4
38 30 30 4
39 30 35 4
40 30 39 4
41 30 43 4
42 30 48 4
43 30 52 4
44 30 56 4
45 30 61 4
46 30 65 4
47 30 70 4
48 30 74 4
49 30 78 4
50 30 83 4
51 30 87 4
52 30 91 4
53 30 96 4
54 30 100 4
55 30 105 4
56 30 109 4
57 30 113 4
58 30 118 4
59 30 122 4
60 30 127 4
1 31 127 2
2 31 122 2
3 31 118 2
4 31 113 2
5 31 109 2
6 31 105 2
7 31 100 2
8 31 96 2
9 31 91 2
10 31 87 2
11 31 83 2
12 31 78 2
13 31 74 2
14 31 70 2
15 31 65 2
16 31 61 2
17 31 56 2
18 31 52 2
19 31 48 2
20 31 43 2
21 31 39 2
22 31 35 2
23 31 30 2
24 31 26 2
25 31 21 2
26 31 17 2
27 31 13 2
28 31 8 2
29 31 4 2
30 31 0 2
31 31 0 1
32 31 4 1
33 31 8 1
34 31 13 1
35 31 17 1
36 31 21 1
37 31 26 1
38 31 30 1
39 31 35 1
40 31 39 1
41 31 43 1
42 31 48 1
43 31 52 1
44 31 56 1
45 31 61 1
46 31 65 1
47 31 70 1
48 31 74 1
49 31 78 1
50 31 83 1
51 31 87 1
52 31 91 1
53 31 96 1
54 31 100 1
55 31 105 1
56 31 109 1
57 31 113 1
58 31 118 1
59 31 122 1
60 31 127 1
1 32 127 2
2 32 122 2
3 32 118 2
4 32 113 2
5 32 109 2
6 32 105 2
7 32 100 2
8 32 96 2
9 32 92 2
10 32 87 2
11 32 83 2
12 32 78 2
13 32 74 2
14 32 70 2
15 32 65 2
16 32 61 2
17 32 57 2
18 32 52 2
19 32 48 2
20 32 44 2
21 32 39 2
22 32 35 2
23 32 30 2
24 32 26 2
25 32 22 2
26 32 18 2
27 32 13 2
28 32 9 2
29 32 6 2
30 32 4 2
31 32 4 1
32 32 6 1
33 32 9 1
34 32 13 1
35 32 18 1
36 32 22 1
37 32 26 1
38 32 30 1
39 32 35 1
40 32 39 1
41 32 44 1
42 32 48 1
43 32 52 1
44 32 57 1
45 32 61 1
46 32 65 1
47 32 70 1
48 32 74 1
49 32 78 1
50 32 83 1
51 32 87 1
52 32 92 1
53 32 96 1
54 32 100 1
55 32 105 1
56 32 109 1
57 32 113 1
58 32 118 1
59 32 122 1
60 32 127 1
1 33 127 2
2 33 122 2
3 33 118 2
4 33 114 2
5 33 109 2
6 33 105 2
7 33 101 2
8 33 96 2
9 33 92 2
10 33 88 2
11 33 83 2
12 33 79 2
13 33 74 2
14 33 70 2
15 33 66 2
16 33 61 2
17 33 57 2
18 33 53 2
19 33 48 2
20 33 44 2
21 33 40 2
22 33 36 2
23 33 31 2
24 33 27 2
25 33 23 2
26 33 19 2
27 33 15 2
28 33 12 2
29 33 9 2
30 33 8 2
31 33 8 1
32 33 9 1
33 33 12 1
34 33 15 1
35 33 19 1
36 33 23 1
37 33 27 1
38 33 31 1
39 33 36 1
40 33 40 1
41 33 44 1
42 33 48 1
43 33 53 1
44 33 57 1
45 33 61 1
46 33 66 1
47 33 70 1
48 33 74 1
49 33 79 1
50 33 83 1
51 33 88 1
52 33 92 1
53 33 96 1
54 33 101 1
55 33 105 1
56 33 109 1
57 33 114 1
58 33 118 1
59 33 122 1
60 33 127 1
1 34 127 2
2 34 123 2
3 34 118 2
4 34 114 2
5 34 110 2
6 34 105 2
7 34 101 2
8 34 97 2
9 34 92 2
10 34 88 2
11 34 84 2
12 34 79 2
13 34 75 2
14 34 71 2
15 34 66 2
16 34 62 2
17 34 58 2
18 34 54 2
19 34 49 2
20 34 45 2
21 34 41 2
22 34 37 2
23 34 33 2
24 34 29 2
25 34 25 2
26 34 21 2
27 34 18 2
28 34 15 2
29 34 13 2
30 34 13 2
31 34 13 1
32 34 13 1
33 34 15 1
34 34 18 1
35 34 21 1
36 34 25 1
37 34 29 1
38 34 33 1
39 34 37 1
40 34 41 1
41 34 45 1
42 34 49 1
43 34 54 1
44 34 58 1
45 34 62 1
46 34 66 1
47 34 71 1
48 34 75 1
49 34 79 1
50 34 84 1
51 34 88 1
52 34 92 1
53 34 97 1
54 34 101 1
55 34 105 1
56 34 110 1
57 34 114 1
58 34 118 1
59 34 123 1
60 34 127 1
1 35 127 2
2 35 123 2
3 35 119 2
4 35 115 2
5 35 110 2
6 35 106 2
7 35 102 2
8 35 97 2
9 35 93 2
10 35 89 2
11 35 85 2
12 35 80 2
13 35 76 2
14 35 72 2
15 35 67 2
16 35 63 2
17 35 59 2
18 35 55 2
19 35 51 2
20 35 47 2
21 35 43 2
22 35 39 2
23 35 35 2
24 35 31 2
25 35 28 2
26 35 24 2
27 35 21 2
28 35 19 2
29 35 18 2
30 35 17 2
31 35 17 1
32 35 18 1
33 35 19 1
34 35 21 1
35 35 24 1
36 35 28 1
37 35 31 1
38 35 35 1
39 35 39 1
40 35 43 1
41 35 47 1
42 35 51 1
43 35 55 1
44 35 59 1
45 35 63 1
46 35 67 1
47 35 72 1
48 35 76 1
49 35 80 1
50 35 85 1
51 35 89 1
52 35 93 1
53 35 97 1
54 35 102 1
55 35 106 1
56 35 110 1
57 35 115 1
58 35 119 1
59 35 123 1
60 35 127 1
1 36 127 2
2 36 124 2
3 36 120 2
4 36 115 2
5 36 111 2
6 36 107 2
7 36 103 2
8 36 98 2
9 36 94 2
10 36 90 2
11 36 86 2
12 36 81 2
13 36 77 2
14 36 73 2
15 36 69 2
16 36 65 2
17 36 60 2
18 36 56 2
19 36 52 2
20 36 48 2
21 36 45 2
22 36 41 2
23 36 37 2
24 36 34 2
25 36 30 2
26 36 28 2
27 36 25 2
28 36 23 2
29 36 22 2
30 36 21 2
31 36 21 1
32 36 22 1
33 36 23 1
34 36 25 1
35 36 28 1
36 36 30 1
37 36 34 1
38 36 37 1
39 36 41 1
40 36 45 1
41 36 48 1
42 36 52 1
43 36 56 1
44 36 60 1
45 36 65 1
46 36 69 1
47 36 73 1
48 36 77 1
49 36 81 1
50 36 86 1
51 36 90 1
52 36 94 1
53 36 98 1
54 36 103 1
55 36 107 1
56 36 111 1
57 36 115 1
58 36 120 1
59 36 124 1
60 36 127 1
1 37 127 2
2 37 125 2
3 37 121 2
4 37 116 2
5 37 112 2
6 37 108 2
7 37 104 2
8 37 99 2
9 37 95 2
10 37 91 2
11 37 87 2
12 37 83 2
13 37 78 2
14 37 74 2
15 37 70 2
16 37 66 2
17 37 62 2
18 37 58 2
19 37 54 2
20 37 51 2
21 37 47 2
22 37 43 2
23 37 40 2
24 37 37 2
25 37 34 2
26 37 31 2
27 37 29 2
28 37 27 2
29 37 26 2
30 37 26 2
31 37 26 1
32 37 26 1
33 37 27 1
34 37 29 1
35 37 31 1
36 37 34 1
37 37 37 1
38 37 40 1
39 37 43 1
40 37 47 1
41 37 51 1
42 37 54 1
43 37 58 1
44 37 62 1
45 37 66 1
46 37 70 1
47 37 74 1
48 37 78 1
49 37 83 1
50 37 87 1
51 37 91 1
52 37 95 1
53 37 99 1
54 37 104 1
55 37 108 1
56 37 112 1
57 37 116 1
58 37 121 1
59 37 125 1
60 37 127 1
1 38 127 2
2 38 126 2
3 38 122 2
4 38 117 2
5 38 113 2
6 38 109 2
7 38 105 2
8 38 101 2
9 38 96 2
10 38 92 2
11 38 88 2
12 38 84 2
13 38 80 2
14 38 76 2
15 38 72 2
16 38 68 2
17 38 64 2
18 38 60 2
19 38 57 2
20 38 53 2
21 38 49 2
22 38 46 2
23 38 43 2
24 38 40 2
25 38 37 2
26 38 35 2
27 38 33 2
28 38 31 2
29 38 30 2
30 38 30 2
31 38 30 1
32 38 30 1
33 38 31 1
34 38 33 1
35 38 35 1
36 38 37 1
37 38 40 1
38 38 43 1
39 38 46 1
40 38 49 1
41 38 53 1
42 38 57 1
43 38 60 1
44 38 64 1
45 38 68 1
46 38 72 1
47 38 76 1
48 38 80 1
49 38 84 1
50 38 88 1
51 38 92 1
52 38 96 1
53 38 101 1
54 38 105 1
55 38 109 1
56 38 113 1
57 38 117 1
58 38 122 1
59 38 126 1
60 38 127 1
1 39 127 2
2 39 127 2
3 39 123 2
4 39 119 2
5 39 114 2
6 39 110 2
7 39 106 2
8 39 102 2
9 39 98 2
10 39 94 2
11 39 90 2
12 39 86 2
13 39 82 2
14 39 78 2
15 39 74 2
16 39 70 2
17 39 66 2
18 39 63 2
19 39 59 2
20 39 56 2
21 39 52 2
22 39 49 2
23 39 46 2
24 39 43 2
25 39 41 2
26 39 39 2
27 39 37 2
28 39 36 2
29 39 35 2
30 39 35 2
31 39 35 1
32 39 35 1
33 39 36 1
34 39 37 1
35 39 39 1
36 39 41 1
37 39 43 1
38 39 46 1
39 39 49 1
40 39 52 1
41 39 56 1
42 39 59 1
43 39 63 1
44 39 66 1
45 39 70 1
46 39 74 1
47 39 78 1
48 39 82 1
49 39 86 1
50 39 90 1
51 39 94 1
52 39 98 1
53 39 102 1
54 39 106 1
55 39 110 1
56 39 114 1
57 39 119 1
58 39 123 1
59 39 127 1
60 39 127 1
1 40 127 2
2 40 127 2
3 40 124 2
4 40 120 2
5 40 116 2
6 40 112 2
7 40 108 2
8 40 104 2
9 40 100 2
10 40 96 2
11 40 92 2
12 40 88 2
13 40 84 2
14 40 80 2
15 40 76 2
16 40 72 2
17 40 69 2
18 40 65 2
19 40 62 2
20 40 58 2
21 40 55 2
22 40 52 2
23 40 49 2
24 40 47 2
25 40 45 2
26 40 43 2
27 40 41 2
28 40 40 2
29 40 39 2
30 40 39 2
31 40 39 1
32 40 39 1
33 40 40 1
34 40 41 1
35 40 43 1
36 40 45 1
37 40 47 1
38 40 49 1
39 40 52 1
40 40 55 1
41 40 58 1
42 40 62 1
43 40 65 1
44 40 69 1
45 40 72 1
46 40 76 1
47 40 80 1
48 40 84 1
49 40 88 1
50 40 92 1
51 40 96 1
52 40 100 1
53 40 104 1
54 40 108 1
55 40 112 1
56 40 116 1
57 40 120 1
58 40 124 1
59 40 127 1
60 40 127 1
1 41 127 2
2 41 127 2
3 41 126 2
4 41 121 2
5 41 117 2
6 41 113 2
7 41 109 2
8 41 105 2
9 41 101 2
10 41 97 2
11 41 94 2
12 41 90 2
13 41 86 2
14 41 82 2
15 41 78 2
16 41 75 2
17 41 71 2
18 41 68 2
19 41 65 2
20 41 61 2
21 41 58 2
22 41 56 2
23 41 53 2
24 41 51 2
25 41 48 2
26 41 47 2
27 41 45 2
28 41 44 2
29 41 44 2
30 41 43 2
31 41 43 1
32 41 44 1
33 41 44 1
34 41 45 1
35 41 47 1
36 41 48 1
37 41 51 1
38 41 53 1
39 41 56 1
40 41 58 1
41 41 61 1
42 41 65 1
43 41 68 1
44 41 71 1
45 41 75 1
46 41 78 1
47 41 82 1
48 41 86 1
49 41 90 1
50 41 94 1
51 41 97 1
52 41 101 1
53 41 105 1
54 41 109 1
55 41 113 1
56 41 117 1
57 41 121 1
58 41 126 1
59 41 127 1
60 41 127 1
1 42 127 2
2 42 127 2
3 42 127 2
4 42 123 2
5 42 119 2
6 42 115 2
7 42 111 2
8 42 107 2
9 42 103 2
10 42 99 2
11 42 96 2
12 42 92 2
13 42 88 2
14 42 85 2
15 42 81 2
16 42 77 2
17 42 74 2
18 42 71 2
19 42 68 2
20 42 65 2
21 42 62 2
22 42 59 2
23 42 57 2
24 42 54 2
25 42 52 2
26 42 51 2
27 42 49 2
28 42 48 2
29 42 48 2
30 42 48 2
31 42 48 1
32 42 48 1
33 42 48 1
34 42 49 1
35 42 51 1
36 42 52 1
37 42 54 1
38 42 57 1
39 42 59 1
40 42 62 1
41 42 65 1
42 42 68 1
43 42 71 1
44 42 74 1
45 42 77 1
46 42 81 1
47 42 85 1
48 42 88 1
49 42 92 1
50 42 96 1
51 42 99 1
52 42 103 1
53 42 107 1
54 42 111 1
55 42 115 1
56 42 119 1
57 42 123 1
58 42 127 1
59 42 127 1
60 42 127 1
1 43 127 2
2 43 127 2
3 43 127 2
4 43 125 2
5 43 121 2
6 43 117 2
7 43 113 2
8 43 109 2
9 43 105 2
10 43 102 2
11 43 98 2
12 43 94 2
13 43 91 2
14 43 87 2
15 43 84 2
16 43 80 2
17 43 77 2
18 43 74 2
19 43 71 2
20 43 68 2
21 43 65 2
22 43 63 2
23 43 60 2
24 43 58 2
25 43 56 2
26 43 55 2
27 43 54 2
28 43 53 2
29 43 52 2
30 43 52 2
31 43 52 1
32 43 52 1
33 43 53 1
34 43 54 1
35 43 55 1
36 43 56 1
37 43 58 1
38 43 60 1
39 43 63 1
40 43 65 1
41 43 68 1
42 43 71 1
43 43 74 1
44 43 77 1
45 43 80 1
46 43 84 1
47 43 87 1
48 43 91 1
49 43 94 1
50 43 98 1
51 43 102 1
52 43 105 1
53 43 109 1
54 43 113 1
55 43 117 1
56 43 121 1
57 43 125 1
58 43 127 1
59 43 127 1
60 43 127 1
1 44 127 2
2 44 127 2
3 44 127 2
4 44 127 2
5 44 123 2
6 44 119 2
7 44 115 2
8 44 111 2
9 44 108 2
10 44 104 2
11 44 100 2
12 44 97 2
13 44 93 2
14 44 90 2
15 44 86 2
16 44 83 2
17 44 80 2
18 44 77 2
19 44 74 2
20 44 71 2
21 44 69 2
22 44 66 2
23 44 64 2
24 44 62 2
25 44 60 2
26 44 59 2
27 44 58 2
28 44 57 2
29 44 57 2
30 44 56 2
31 44 56 1
32 44 57 1
33 44 57 1
34 44 58 1
35 44 59 1
36 44 60 1
37 44 62 1
38 44 64 1
39 44 66 1
40 44 69 1
41 44 71 1
42 44 74 1
43 44 77 1
44 44 80 1
45 44 83 1
46 44 86 1
47 44 90 1
48 44 93 1
49 44 97 1
50 44 100 1
51 44 104 1
52 44 108 1
53 44 111 1
54 44 115 1
55 44 119 1
56 44 123 1
57 44 127 1
58 44 127 1
59 44 127 1
60 44 127 1
1 45 127 2
2 45 127 2
3 45 127 2
4 45 127 2
5 45 125 2
6 45 121 2
7 45 117 2
8 45 114 2
9 45 110 2
10 45 106 2
11 45 103 2
12 45 99 2
13 45 96 2
14 45 93 2
15 45 89 2
16 45 86 2
17 45 83 2
18 45 80 2
19 45 77 2
20 45 75 2
21 45 72 2
22 45 70 2
23 45 68 2
24 45 66 2
25 45 65 2
26 45 63 2
27 45 62 2
28 45 61 2
29 45 61 2
30 45 61 2
31 45 61 1
32 45 61 1
33 45 61 1
34 45 62 1
35 45 63 1
36 45 65 1
37 45 66 1
38 45 68 1
39 45 70 1
40 45 72 1
41 45 75 1
42 45 77 1
43 45 80 1
44 45 83 1
45 45 86 1
46 45 89 1
47 45 93 1
48 45 96 1
49 45 99 1
50 45 103 1
51 45 106 1
52 45 110 1
53 45 114 1
54 45 117 1
55 45 121 1
56 45 125 1
57 45 127 1
58 45 127 1
59 45 127 1
60 45 127 1
1 46 127 2
2 46 127 2
3 46 127 2
4 46 127 2
5 46 127 2
6 46 123 2
7 46 120 2
8 46 116 2
9 46 113 2
10 46 109 2
11 46 106 2
12 46 102 2
13 46 99 2
14 46 96 2
15 46 92 2
16 46 89 2
17 46 86 2
18 46 84 2
19 46 81 2
20 46 78 2
21 46 76 2
22 46 74 2
23 46 72 2
24 46 70 2
25 46 69 2
26 46 67 2
27 46 66 2
28 46 66 2
29 46 65 2
30 46 65 2
31 46 65 1
32 46 65 1
33 46 66 1
34 46 66 1
35 46 67 1
36 46 69 1
37 46 70 1
38 46 72 1
39 46 74 1
40 46 76 1
41 46 78 1
42 46 81 1
43 46 84 1
44 46 86 1
45 46 89 1
46 46 92 1
47 46 96 1
48 46 99 1
49 46 102 1
50 46 106 1
51 46 109 1
52 46 113 1
53 46 116 1
54 46 120 1
55 46 123 1
56 46 127 1
57 46 127 1
58 46 127 1
59 46 127 1
60 46 127 1
1 47 127 2
2 47 127 2
3 47 127 2
4 47 127 2
5 47 127 2
6 47 126 2
7 47 122 2
8 47 119 2
9 47 115 2
10 47 112 2
11 47 108 2
12 47 105 2
13 47 102 2
14 47 99 2
15 47 96 2
16 47 93 2
17 47 90 2
18 47 87 2
19 47 85 2
20 47 82 2
21 47 80 2
22 47 78 2
23 47 76 2
24 47 74 2
25 47 73 2
26 47 72 2
27 47 71 2
28 47 70 2
29 47 70 2
30 47 70 2
31 47 70 1
32 47 70 1
33 47 70 1
34 47 71 1
35 47 72 1
36 47 73 1
37 47 74 1
38 47 76 1
39 47 78 1
40 47 80 1
41 47 82 1
42 47 85 1
43 47 87 1
44 47 90 1
45 47 93 1
46 47 96 1
47 47 99 1
48 47 102 1
49 47 105 1
50 47 108 1
51 47 112 1
52 47 115 1
53 47 119 1
54 47 122 1
55 47 126 1
56 47 127 1
57 47 127 1
58 47 127 1
59 47 127 1
60 47 127 1
1 48 127 2
2 48 127 2
3 48 127 2
4 48 127 2
5 48 127 2
6 48 127 2
7 48 125 2
8 48 121 2
9 48 118 2
10 48 114 2
11 48 111 2
12 48 108 2
13 48 105 2
14 48 102 2
15 48 99 2
16 48 96 2
17 48 93 2
18 48 91 2
19 48 88 2
20 48 86 2
21 48 84 2
22 48 82 2
23 48 80 2
24 48 78 2
25 48 77 2
26 48 76 2
27 48 75 2
28 48 74 2
29 48 74 2
30 48 74 2
31 48 74 1
32 48 74 1
33 48 74 1
34 48 75 1
35 48 76 1
36 48 77 1
37 48 78 1
38 48 80 1
39 48 82 1
40 48 84 1
41 48 86 1
42 48 88 1
43 48 91 1
44 48 93 1
45 48 96 1
46 48 99 1
47 48 102 1
48 48 105 1
49 48 108 1
50 48 111 1
51 48 114 1
52 48 118 1
53 48 121 1
54 48 125 1
55 48 127 1
56 48 127 1
57 48 127 1
58 48 127 1
59 48 127 1
60 48 127 1
1 49 127 2
2 49 127 2
3 49 127 2
4 49 127 2
5 49 127 2
6 49 127 2
7 49 127 2
8 49 124 2
9 49 121 2
10 49 117 2
11 49 114 2
12 49 111 2
13 49 108 2
14 49 105 2
15 49 102 2
16 49 99 2
17 49 97 2
18 49 94 2
19 49 92 2
20 49 90 2
21 49 88 2
22 49 86 2
23 49 84 2
24 49 83 2
25 49 81 2
26 49 80 2
27 49 79 2
28 49 79 2
29 49 78 2
30 49 78 2
31 49 78 1
32 49 78 1
33 49 79 1
34 49 79 1
35 49 80 1
36 49 81 1
37 49 83 1
38 49 84 1
39 49 86 1
40 49 88 1
41 49 90 1
42 49 92 1
43 49 94 1
44 49 97 1
45 49 99 1
46 49 102 1
47 49 105 1
48 49 108 1
49 49 111 1
50 49 114 1
51 49 117 1
52 49 121 1
53 49 124 1
54 49 127 1
55 49 127 1
56 49 127 1
57 49 127 1
58 49 127 1
59 49 127 1
60 49 127 1
1 50 127 2
2 50 127 2
3 50 127 2
4 50 127 2
5 50 127 2
6 50 127 2
7 50 127 2
8 50 127 2
9 50 124 2
10 50 120 2
11 50 117 2
12 50 114 2
13 50 111 2
14 50 108 2
15 50 106 2
16 50 103 2
17 50 100 2
18 50 98 2
19 50 96 2
20 50 94 2
21 50 92 2
22 50 90 2
23 50 88 2
24 50 87 2
25 50 86 2
26 50 85 2
27 50 84 2
28 50 83 2
29 50 83 2
30 50 83 2
31 50 83 1
32 50 83 1
33 50 83 1
34 50 84 1
35 50 85 1
36 50 86 1
37 50 87 1
38 50 88 1
39 50 90 1
40 50 92 1
41 50 94 1
42 50 96 1
43 50 98 1
44 50 100 1
45 50 103 1
46 50 106 1
47 50 108 1
48 50 111 1
49 50 114 1
50 50 117 1
51 50 120 1
52 50 124 1
53 50 127 1
54 50 127 1
55 50 127 1
56 50 127 1
57 50 127 1
58 50 127 1
59 50 127 1
60 50 127 1
1 51 127 2
2 51 127 2
3 51 127 2
4 51 127 2
5 51 127 2
6 51 127 2
7 51 127 2
8 51 127 2
9 51 127 2
10 51 123 2
11 51 120 2
12 51 117 2
13 51 114 2
14 51 112 2
15 51 109 2
16 51 106 2
17 51 104 2
18 51 102 2
19 51 99 2
20 51 97 2
21 51 96 2
22 51 94 2
23 51 92 2
24 51 91 2
25 51 90 2
26 51 89 2
27 51 88 2
28 51 88 2
29 51 87 2
30 51 87 2
31 51 87 1
32 51 87 1
33 51 88 1
34 51 88 1
35 51 89 1
36 51 90 1
37 51 91 1
38 51 92 1
39 51 94 1
40 51 96 1
41 51 97 1
42 51 99 1
43 51 102 1
44 51 104 1
45 51 106 1
46 51 109 1
47 51 112 1
48 51 114 1
49 51 117 1
50 51 120 1
51 51 123 1
52 51 127 1
53 51 127 1
54 51 127 1
55 51 127 1
56 51 127 1
57 51 127 1
58 51 127 1
59 51 127 1
60 51 127 1
1 52 127 2
2 52 127 2
3 52 127 2
4 52 127 2
5 52 127 2
6 52 127 2
7 52 127 2
8 52 127 2
9 52 127 2
10 52 127 2
11 52 124 2
12 52 121 2
13 52 118 2
14 52 115 2
15 52 113 2
16 52 110 2
17 52 108 2
18 52 105 2
19 52 103 2
20 52 101 2
21 52 100 2
22 52 98 2
23 52 96 2
24 52 95 2
25 52 94 2
26 52 93 2
27 52 92 2
28 52 92 2
29 52 92 2
30 52 91 2
31 52 91 1
32 52 92 1
33 52 92 1
34 52 92 1
35 52 93 1
36 52 94 1
37 52 95 1
38 52 96 1
39 52 98 1
40 52 100 1
41 52 101 1
42 52 103 1
43 52 105 1
44 52 108 1
45 52 110 1
46 52 113 1
47 52 115 1
48 52 118 1
49 52 121 1
50 52 124 1
51 52 127 1
52 52 127 1
53 52 127 1
54 52 127 1
55 52 127 1
56 52 127 1
57 52 127 1
58 52 127 1
59 52 127 1
60 52 127 1
1 53 127 2
2 53 127 2
3 53 127 2
4 53 127 2
5 53 127 2
6 53 127 2
7 53 127 2
8 53 127 2
9 53 127 2
10 53 127 2
11 53 127 2
12 53 124 2
13 53 121 2
14 53 119 2
15 53 116 2
16 53 114 2
17 53 111 2
18 53 109 2
19 53 107 2
20 53 105 2
21 53 104 2
22 53 102 2
23 53 101 2
24 53 99 2
25 53 98 2
26 53 97 2
27 53 97 2
28 53 96 2
29 53 96 2
30 53 96 2
31 53 96 1
32 53 96 1
33 53 96 1
34 53 97 1
35 53 97 1
36 53 98 1
37 53 99 1
38 53 101 1
39 53 102 1
40 53 104 1
41 53 105 1
42 53 107 1
43 53 109 1
44 53 111 1
45 53 114 1
46 53 116 1
47 53 119 1
48 53 121 1
49 53 124 1
50 53 127 1
51 53 127 1
52 53 127 1
53 53 127 1
54 53 127 1
55 53 127 1
56 53 127 1
57 53 127 1
58 53 127 1
59 53 127 1
60 53 127 1
1 54 127 2
2 54 127 2
3 54 127 2
4 54 127 2
5 54 127 2
6 54 127 2
7 54 127 2
8 54 127 2
9 54 127 2
10 54 127 2
11 54 127 2
12 54 127 2
13 54 125 2
14 54 122 2
15 54 120 2
16 54 117 2
17 54 115 2
18 54 113 2
19 54 111 2
20 54 109 2
21 54 108 2
22 54 106 2
23 54 105 2
24 54 104 2
25 54 103 2
26 54 102 2
27 54 101 2
28 54 101 2
29 54 100 2
30 54 100 2
31 54 100 1
32 54 100 1
33 54 101 1
34 54 101 1
35 54 102 1
36 54 103 1
37 54 104 1
38 54 105 1
39 54 106 1
40 54 108 1
41 54 109 1
42 54 111 1
43 54 113 1
44 54 115 1
45 54 117 1
46 54 120 1
47 54 122 1
48 54 125 1
49 54 127 1
50 54 127 1
51 54 127 1
52 54 127 1
53 54 127 1
54 54 127 1
55 54 127 1
56 54 127 1
57 54 127 1
58 54 127 1
59 54 127 1
60 54 127 1
1 55 127 2
2 55 127 2
3 55 127 2
4 55 127 2
5 55 127 2
6 55 127 2
7 55 127 2
8 55 127 2
9 55 127 2
10 55 127 2
11 55 127 2
12 55 127 2
13 55 127 2
14 55 126 2
15 55 123 2
16 55 121 2
17 55 119 2
18 55 117 2
19 55 115 2
20 55 113 2
21 55 112 2
22 55 110 2
23 55 109 2
24 55 108 2
25 55 107 2
26 55 106 2
27 55 105 2
28 55 105 2
29 55 105 2
30 55 105 2
31 55 105 1
32 55 105 1
33 55 105 1
34 55 105 1
35 55 106 1
36 55 107 1
37 55 108 1
38 55 109 1
39 55 110 1
40 55 112 1
41 55 113 1
42 55 115 1
43 55 117 1
44 55 119 1
45 55 121 1
46 55 123 1
47 55 126 1
48 55 127 1
49 55 127 1
50 55 127 1
51 55 127 1
52 55 127 1
53 55 127 1
54 55 127 1
55 55 127 1
56 55 127 1
57 55 127 1
58 55 127 1
59 55 127 1
60 55 127 1
1 56 127 2
2 56 127 2
3 56 127 2
4 56 127 2
5 56 127 2
6 56 127 2
7 56 127 2
8 56 127 2
9 56 127 2
10 56 127 2
11 56 127 2
12 56 127 2
13 56 127 2
14 56 127 2
15 56 127 2
16 56 125 2
17 56 123 2
18 56 121 2
19 56 119 2
20 56 117 2
21 56 116 2
22 56 114 2
23 56 113 2
24 56 112 2
25 56 111 2
26 56 110 2
27 56 110 2
28 56 109 2
29 56 109 2
30 56 109 2
31 56 109 1
32 56 109 1
33 56 109 1
34 56 110 1
35 56 110 1
36 56 111 1
37 56 112 1
38 56 113 1
39 56 114 1
40 56 116 1
41 56 117 1
42 56 119 1
43 56 121 1
44 56 123 1
45 56 125 1
46 56 127 1
47 56 127 1
48 56 127 1
49 56 127 1
50 56 127 1
51 56 127 1
52 56 127 1
53 56 127 1
54 56 127 1
55 56 127 1
56 56 127 1
57 56 127 1
58 56 127 1
59 56 127 1
60 56 127 1
1 57 127 2
2 57 127 2
3 57 127 2
4 57 127 2
5 57 127 2
6 57 127 2
7 57 127 2
8 57 127 2
9 57 127 2
10 57 127 2
11 57 127 2
12 57 127 2
13 57 127 2
14 57 127 2
15 57 127 2
16 57 127 2
17 57 127 2
18 57 125 2
19 57 123 2
20 57 121 2
21 57 120 2
22 57 119 2
23 57 117 2
24 57 116 2
25 57 115 2
26 57 115 2
27 57 114 2
28 57 114 2
29 57 113 2
30 57 113 2
31 57 113 1
32 57 113 1
33 57 114 1
34 57 114 1
35 57 115 1
36 57 115 1
37 57 116 1
38 57 117 1
39 57 119 1
40 57 120 1
41 57 121 1
42 57 123 1
43 57 125 1
44 57 127 1
45 57 127 1
46 57 127 1
47 57 127 1
48 57 127 1
49 57 127 1
50 57 127 1
51 57 127 1
52 57 127 1
53 57 127 1
54 57 127 1
55 57 127 1
56 57 127 1
57 57 127 1
58 57 127 1
59 57 127 1
60 57 127 1
1 58 127 2
2 58 127 2
3 58 127 2
4 58 127 2
5 58 127 2
6 58 127 2
7 58 127 2
8 58 127 2
9 58 127 2
10 58 127 2
11 58 127 2
12 58 127 2
13 58 127 2
14 58 127 2
15 58 127 2
16 58 127 2
17 58 127 2
18 58 127 2
19 58 127 2
20 58 126 2
21 58 124 2
22 58 123 2
23 58 122 2
24 58 121 2
25 58 120 2
26 58 119 2
27 58 118 2
28 58 118 2
29 58 118 2
30 58 118 2
31 58 118 1
32 58 118 1
33 58 118 1
34 58 118 1
35 58 119 1
36 58 120 1
37 58 121 1
38 58 122 1
39 58 123 1
40 58 124 1
41 58 126 1
42 58 127 1
43 58 127 1
44 58 127 1
45 58 127 1
46 58 127 1
47 58 127 1
48 58 127 1
49 58 127 1
50 58 127 1
51 58 127 1
52 58 127 1
53 58 127 1
54 58 127 1
55 58 127 1
56 58 127 1
57 58 127 1
58 58 127 1
59 58 127 1
60 58 127 1
1 59 127 2
2 59 127 2
3 59 127 2
4 59 127 2
5 59 127 2
6 59 127 2
7 59 127 2
8 59 127 2
9 59 127 2
10 59 127 2
11 59 127 2
12 59 127 2
13 59 127 2
14 59 127 2
15 59 127 2
16 59 127 2
17 59 127 2
18 59 127 2
19 59 127 2
20 59 127 2
21 59 127 2
22 59 127 2
23 59 126 2
24 59 125 2
25 59 124 2
26 59 123 2
27 59 123 2
28 59 122 2
29 59 122 2
30 59 122 2
31 59 122 1
32 59 122 1
33 59 122 1
34 59 123 1
35 59 123 1
36 59 124 1
37 59 125 1
38 59 126 1
39 59 127 1
40 59 127 1
41 59 127 1
42 59 127 1
43 59 127 1
44 59 127 1
45 59 127 1
46 59 127 1
47 59 127 1
48 59 127 1
49 59 127 1
50 59 127 1
51 59 127 1
52 59 127 1
53 59 127 1
54 59 127 1
55 59 127 1
56 59 127 1
57 59 127 1
58 59 127 1
59 59 127 1
60 59 127 1
1 60 127 2
2 60 127 2
3 60 127 2
4 60 127 2
5 60 127 2
6 60 127 2
7 60 127 2
8 60 127 2
9 60 127 2
10 60 127 2
11 60 127 2
12 60 127 2
13 60 127 2
14 60 127 2
15 60 127 2
16 60 127 2
17 60 127 2
18 60 127 2
19 60 127 2
20 60 127 2
21 60 127 2
22 60 127 2
23 60 127 2
24 60 127 2
25 60 127 2
26 60 127 2
27 60 127 2
28 60 127 2
29 60 127 2
30 60 127 2
31 60 127 1
32 60 127 1
33 60 127 1
34 60 127 1
35 60 127 1
36 60 127 1
37 60 127 1
38 60 127 1
39 60 127 1
40 60 127 1
41 60 127 1
42 60 127 1
43 60 127 1
44 60 127 1
45 60 127 1
46 60 127 1
47 60 127 1
48 60 127 1
49 60 127 1
50 60 127 1
51 60 127 1
52 60 127 1
53 60 127 1
54 60 127 1
55 60 127 1
56 60 127 1
57 60 127 1
58 60 127 1
59 60 127 1
60 60 127 1